00010001000000000000 -- mov
00001100000000000000
00010001100000000000
00001001100000000000
00010000100000000000
00001000100000000000
00000100000001000000
00000001000001000000 -- add
00010101000000000000
00001101000000000000
00010101100000000000
00001101100000000000
00010101100000000000
00001101100000000000
00000101000001000000
00010101000100000000 -- sub
00001101000100000000
00010101100100000000
00001101100100000000
00010101100100000000
00001101100100000000
00000101000101000000
00010101001000000000 -- and
00001101001000000000
00010101101000000000
00001101101000000000
00010101101000000000
00001101101000000000
00000101001001000000
00010101001100000000 -- or
00001101001100000000
00010101101100000000
00001101101100000000
00010101101100000000
00001101101100000000
00000101001101000000
00010101010000000000 -- xor
00001101010000000000
00010101110000000000
00001101110000000000
00010101110000000000
00001101110000000000
00000101010001000000
00010100010100000000 -- not
00001100010100000000
00000100010101000000
00010100011100000000 -- shl
00001100011100000000
00000100011101000000
00010100011000000000 -- shr
00001100011000000000
00000100011001000000
00001100011000000000 -- inc
00000100011001000000
00010101100000000000
00001011000000000000 -- dec
00000010100001000000 -- cmp
00010101100100000000
00000101000100000000
00000101100100000000 -- jmp
00000100100101000000
00000000000010000000
