000000000000101010000110000000000000
000000000000101101000110000000000000
000000000000000000010100010000000000
000000000000011000000000001110000000
000000000000001110000110000000000000
000000000000011100000000001000000000
000000000000000110000110000000000000
000000000000000000000000000000000000
000000000000000000000000000000000000
000000000000000000000000000000000000
000000000000000000000000000000000000
000000000000000000000000000000000000
000000000000000000000000000000000000
000000000000000000000000000000000000
000000000000000001000110000000000000
000000000000000010000110000000000000
000000000000000000000000000000000000
000000000000000000000000000000000000
000000000000000000000000000000000000
000000000000000000000000000000000000
000000000000000000000000000000000000
000000000000000000000000000000000000
000000000000000000000000000000000000
000000000000000000000000000000000000
000000000000000000000000000000000000
000000000000000000000000000000000000
