10000100000000000,01100000000000000,10001100000000000,01001100000000000,10001000000000000,01001000000000000,00100000001000000,00000100001000000,10001000000010000,01001000000010000,00100000001010000,00001100001010000
10100100000000000,01100100000000000,10101100000000000,01101100000000000,10101000000000000,01101000000000000,00100100001000000,10101000000010000,01101000000010000
10100100100000000,01100100100000000,10101100100000000,01101100100000000,10101000100000000,01101000100000000,00100100101000000,10101000100010000,01101000100010000
10100101000000000,01100101000000000,10101101000000000,01101101000000000,10101001000000000,01101001000000000,00100101001000000,10101001000010000,01101001000010000
10100101100000000,01100101100000000,10101101100000000,01101101100000000,10101001100000000,01101001100000000,00100101101000000,10101001100010000,01101001100010000
10100110000000000,01100110000000000,10101110000000000,01101110000000000,10101010000000000,01101010000000000,00100110001000000,10101010000010000,01101010000010000
10100010100000000,01100010100000000,00100010101000000,00100010101010000
10100011100000000,01100011100000000,00100011101000000,00100011101010000
10100011000000000,01100011000000000,00100011001000000,00100011001010000
10101100000000000,01010100000000000,00011000001000000,00011000001010000
10101100100000000
00100100100000000,00101100100000000,00101000100000000,00101000100010000
00000000010000000
00000000110000000
00000001010000000
00000001110000000
00000010010000000
00000010110000000
00000011010000000
00000011110000000
00100000001100001,00000100001100001
10001000000100000,01001000000100000
00000000011101001
00000000010100100
00000000000000000